NaN NaN NaN NaN NaN NaN NaN NaN NaN NaN NaN NaN NaN NaN NaN NaN NaN NaN NaN NaN 
-160,8122 -160,8122 -160,8122 -160,8122 -160,8122 -160,8122 -160,8122 -160,8122 -160,8122 -160,8122 -160,8122 -160,8122 -160,8122 -160,8122 -160,8122 -160,8122 -160,8122 -160,8122 -160,8122 -160,8122 
NaN NaN NaN NaN NaN NaN NaN NaN NaN NaN NaN NaN NaN NaN NaN NaN NaN NaN NaN NaN 
0,9754 0,9754 0,9754 0,9754 0,9754 0,9754 0,9754 0,9754 0,9754 0,9754 0,9754 0,9754 0,9754 0,9754 0,9754 0,9754 0,9754 0,9754 0,9754 0,9754 
0,9414 0,9414 0,9414 0,9414 0,9414 0,9414 0,9414 0,9414 0,9414 0,9414 0,9414 0,9414 0,9414 0,9414 0,9414 0,9414 0,9414 0,9414 0,9414 0,9414 
0,8213 0,8213 0,8213 0,8213 0,8213 0,8213 0,8213 0,8213 0,8213 0,8213 0,8213 0,8213 0,8213 0,8213 0,8213 0,8213 0,8213 0,8213 0,8213 0,8213 
1,0159 1,0159 1,0159 1,0159 1,0159 1,0159 1,0159 1,0159 1,0159 1,0159 1,0159 1,0159 1,0159 1,0159 1,0159 1,0159 1,0159 1,0159 1,0159 1,0159 
0,9049 0,9049 0,9049 0,9049 0,9049 0,9049 0,9049 0,9049 0,9049 0,9049 0,9049 0,9049 0,9049 0,9049 0,9049 0,9049 0,9049 0,9049 0,9049 0,9049 
NaN NaN NaN NaN NaN NaN NaN NaN NaN NaN NaN NaN NaN NaN NaN NaN NaN NaN NaN NaN 
-55,5110 -55,5110 -55,5110 -55,5110 -55,5110 -55,5110 -55,5110 -55,5110 -55,5110 -55,5110 -55,5110 -55,5110 -55,5110 -55,5110 -55,5110 -55,5110 -55,5110 -55,5110 -55,5110 -55,5110 
0,8837 0,8837 0,8837 0,8837 0,8837 0,8837 0,8837 0,8837 0,8837 0,8837 0,8837 0,8837 0,8837 0,8837 0,8837 0,8837 0,8837 0,8837 0,8837 0,8837 
